50,50,62,39,39,39,39,39,39,60,50,50,50,50,50,50,50,62,49,0,0,0,0,0,51,50,50,50,50,50,50,50,50,50,50,50,50,50,50,50,50,50,50,50,50,50,50,50,50,50,50,50,50,50,50,50,50,50,50,50,50,50,50,50,50,50,50,50,50,50,50,50,50,50,50,50,50,50,50,50,50,50,50,50,50,50,50,50,50,50,50,50,50,50,50,50,50,50,50,50,50,50,50,50,50,50,50,50,50,50,50,50,50,50,50,50,
50,60,29,0,0,0,0,0,0,27,39,62,50,50,50,50,50,60,49,0,0,0,0,0,51,50,50,50,50,50,50,50,50,50,50,50,50,50,50,50,50,50,50,50,50,50,50,50,50,50,50,50,50,50,50,50,50,50,50,50,50,50,50,50,50,50,50,50,50,50,60,39,39,39,39,40,50,50,50,50,50,50,50,50,50,50,50,50,50,50,50,50,50,50,50,50,50,50,50,50,50,50,50,50,50,50,50,50,50,50,50,50,50,50,50,50,
40,29,0,0,0,0,0,0,0,0,0,27,38,50,50,50,50,62,49,0,0,0,0,0,51,50,50,50,50,50,50,50,50,50,50,50,50,50,50,50,50,50,50,50,50,50,50,50,50,50,50,50,50,50,50,50,50,50,50,50,50,50,50,50,50,50,50,50,38,39,29,0,0,0,0,27,39,40,50,50,50,50,50,50,40,39,39,39,39,39,39,40,50,50,50,50,50,50,50,50,50,50,50,50,50,50,50,50,50,50,50,50,50,50,50,50,
49,0,0,0,0,0,0,0,0,0,0,0,27,39,50,50,50,38,49,0,0,0,0,0,51,50,50,50,50,50,50,50,50,62,39,39,39,39,39,40,50,50,50,50,50,50,50,50,50,50,50,50,50,50,50,50,50,50,50,50,50,50,50,50,50,50,50,38,29,0,0,0,0,0,0,0,0,27,60,50,50,50,50,38,29,0,0,0,0,0,0,27,39,39,38,50,50,50,50,50,50,50,50,50,50,50,50,50,50,50,50,50,50,50,50,50,
49,0,0,0,0,0,0,0,0,0,0,0,0,0,51,50,50,60,49,0,0,0,0,0,51,50,50,50,50,50,50,50,40,29,0,0,0,0,0,27,39,39,39,38,50,50,40,39,39,39,39,38,50,50,50,50,50,50,50,50,50,50,50,50,50,50,50,49,0,0,0,0,0,0,0,0,0,0,27,39,60,60,39,29,0,0,0,0,0,0,0,0,0,0,27,39,60,50,50,50,50,50,50,50,50,50,50,50,50,50,50,50,50,50,50,50,
49,0,0,0,0,0,0,0,0,0,0,0,0,0,27,38,50,40,49,0,0,0,0,0,51,50,50,50,50,50,50,38,29,0,0,0,0,0,0,0,0,0,0,27,39,39,29,0,0,0,0,27,60,50,50,50,50,50,50,50,50,50,50,50,50,50,60,29,0,0,0,0,0,0,0,0,0,0,0,0,27,29,0,0,0,0,0,0,0,0,0,0,0,0,0,0,27,40,50,50,50,50,50,50,50,50,50,50,50,50,50,50,50,50,50,50,
49,0,0,0,0,0,0,0,0,0,0,0,0,0,0,51,50,40,49,0,0,0,0,0,51,50,50,50,50,50,50,49,0,0,0,0,0,0,0,0,0,0,0,0,0,0,0,0,0,0,0,0,27,60,50,50,50,50,50,50,50,50,50,50,50,50,49,0,0,0,0,0,0,0,0,0,0,0,0,0,0,0,0,0,0,0,0,0,0,0,0,0,0,0,0,0,0,27,40,50,50,50,50,50,50,50,50,50,50,50,50,50,50,50,50,50,
49,0,0,0,0,0,0,0,0,0,0,0,0,0,0,51,50,60,49,0,0,0,0,0,51,50,50,50,50,50,50,49,0,0,0,0,0,0,0,0,0,0,0,0,0,0,0,0,0,0,0,0,0,51,50,50,50,50,50,50,50,50,50,50,50,50,49,0,0,0,0,0,0,0,0,0,0,0,0,0,0,0,0,0,0,0,0,0,0,0,0,0,0,0,0,0,0,0,27,40,50,50,50,50,50,50,50,50,50,50,50,50,50,50,50,50,
49,0,0,0,0,0,0,0,0,0,0,0,0,0,0,51,50,62,49,0,0,0,0,0,51,50,50,50,50,50,50,49,0,0,0,0,0,0,0,0,0,0,0,0,0,0,0,0,0,0,0,0,0,51,50,50,50,50,50,50,50,50,50,50,50,50,38,7,0,0,0,0,0,0,0,0,0,0,0,0,0,0,0,0,0,0,0,0,0,0,0,0,0,0,0,0,0,0,0,51,50,50,50,50,50,50,50,50,50,50,50,50,50,50,50,50,
49,0,0,0,0,0,0,0,0,0,0,0,0,0,0,51,50,40,49,0,0,0,0,0,51,50,50,50,50,50,50,49,0,0,0,0,0,0,0,0,0,0,0,0,0,0,0,0,0,0,0,0,0,51,50,50,50,50,50,50,50,50,50,50,50,50,50,62,7,0,0,0,0,0,0,0,0,5,7,0,0,0,0,0,0,0,0,0,0,0,0,0,0,0,0,0,0,0,0,51,50,50,50,50,50,50,50,50,50,50,50,50,50,50,50,50,
62,7,0,0,0,0,0,0,0,0,0,0,0,0,0,51,50,38,49,0,0,0,0,0,51,50,50,50,50,50,50,49,0,0,0,0,0,0,0,0,0,0,0,0,0,0,0,0,0,0,0,0,0,51,50,50,50,50,50,50,50,50,50,50,50,50,50,50,62,7,0,0,0,0,0,5,61,40,60,61,61,7,0,0,0,0,0,0,0,0,0,0,0,0,0,0,0,0,0,51,50,50,50,50,50,50,50,50,50,50,50,50,50,50,50,50,
40,49,0,0,0,0,0,0,0,0,0,0,0,5,6,60,50,38,49,0,0,0,0,0,51,50,50,50,50,50,50,40,7,0,0,0,0,0,0,0,0,0,0,0,0,0,0,0,0,0,0,0,0,51,50,50,50,50,50,50,50,50,50,50,50,50,50,50,50,38,61,61,61,61,61,62,50,50,50,50,50,49,0,0,0,0,0,0,0,0,0,0,0,0,0,0,0,0,5,38,50,50,50,50,50,50,50,50,50,50,50,50,50,50,50,50,
50,40,7,0,0,0,0,0,0,0,0,5,6,40,50,50,50,62,49,0,0,0,0,0,51,50,50,50,50,50,50,50,62,7,0,0,0,0,0,0,0,0,0,0,0,0,0,0,0,0,0,0,5,38,50,50,50,50,50,50,50,50,50,50,50,50,50,50,50,50,50,50,50,50,50,50,50,50,50,50,50,62,7,0,0,0,0,0,0,0,0,0,0,0,0,0,0,5,38,50,50,50,50,50,50,50,50,50,50,50,50,50,50,50,50,50,
50,50,62,7,0,0,0,0,0,5,6,40,50,50,50,50,50,62,49,0,0,0,0,0,51,50,50,50,50,50,50,50,50,60,7,0,0,0,5,61,7,0,0,0,0,0,0,0,0,0,0,0,51,50,50,50,50,50,50,50,50,50,50,50,50,50,50,50,50,50,50,50,50,50,50,50,50,50,50,50,50,50,40,7,0,0,0,0,0,0,0,0,0,0,0,0,0,51,50,50,50,50,50,50,50,50,50,50,50,50,50,50,50,50,50,50,
50,50,50,62,61,61,61,61,61,40,50,50,50,50,50,50,50,40,49,0,0,0,0,0,51,50,50,50,50,50,50,50,50,50,62,61,61,61,60,50,38,61,7,0,0,0,0,0,0,0,0,5,60,50,50,50,50,50,50,50,50,50,50,50,50,50,50,50,50,50,50,50,50,50,50,50,50,50,50,50,50,50,50,62,61,61,61,7,0,0,0,0,0,0,5,61,61,38,50,50,50,50,50,50,50,50,50,50,50,50,50,50,50,50,50,50,
50,50,50,50,50,50,50,50,50,50,50,50,50,50,50,50,50,40,49,0,0,0,0,0,51,50,50,50,50,50,50,50,50,50,50,50,50,50,50,50,50,50,40,61,61,61,61,61,61,61,61,40,50,50,50,50,50,50,50,50,50,50,50,50,50,50,50,50,50,50,50,50,50,50,50,50,50,50,50,50,50,50,50,50,50,50,50,40,61,61,61,61,61,61,40,50,50,50,50,50,50,50,50,50,50,50,50,50,50,50,50,50,50,50,50,50,
62,39,39,39,39,39,39,39,39,39,39,39,39,39,39,39,39,39,29,0,0,0,0,0,27,39,39,39,39,39,39,39,39,39,39,39,39,39,39,39,39,39,39,39,39,39,39,39,39,39,39,39,39,39,39,39,39,39,39,39,39,39,39,39,39,39,39,39,39,39,39,39,39,39,39,39,39,39,39,39,39,39,39,39,39,39,39,39,39,39,39,39,39,39,39,39,39,39,39,39,39,39,39,39,39,39,39,39,39,39,39,39,39,39,39,39,
49,0,0,0,0,0,0,0,0,0,0,0,0,0,0,0,0,0,0,0,0,0,0,0,0,0,0,0,0,0,0,0,0,0,0,0,0,0,0,0,0,0,0,0,0,0,0,0,0,0,0,0,0,0,0,0,0,0,0,0,0,0,0,0,0,0,0,0,0,0,0,0,0,0,0,0,0,0,0,0,0,0,0,0,0,0,0,0,0,0,0,0,0,0,0,0,0,0,0,0,0,0,0,0,0,0,0,0,0,0,0,0,0,0,0,0,
49,0,0,0,0,0,0,0,0,0,0,0,0,0,0,0,0,0,0,0,0,0,0,0,0,0,0,0,0,0,0,0,0,0,0,0,0,0,0,0,0,0,0,0,0,0,0,0,0,0,0,0,0,0,0,0,0,0,0,0,0,0,0,0,0,0,0,0,0,0,0,0,0,0,0,0,0,0,0,0,0,0,0,0,0,0,0,0,0,0,0,0,0,0,0,0,0,0,0,0,0,0,0,0,0,0,0,0,0,0,0,0,0,0,0,0,
49,0,0,0,0,0,0,0,0,0,0,0,0,0,0,0,0,0,0,0,0,0,0,0,0,0,0,0,0,0,0,0,0,0,0,0,0,0,0,0,0,0,0,0,0,0,0,0,0,0,0,0,0,0,0,0,0,0,0,0,0,0,0,0,0,0,0,0,0,0,0,0,0,0,0,0,0,0,0,0,0,0,0,0,0,0,0,0,0,0,0,0,0,0,0,0,0,0,0,0,0,0,0,0,0,0,0,0,0,0,0,0,0,0,0,0,
49,0,0,0,0,0,0,0,0,0,0,0,0,0,0,0,0,0,0,0,0,0,0,0,0,0,0,0,0,0,0,0,0,0,0,0,0,0,0,0,0,0,0,0,0,0,0,0,0,0,0,0,0,0,0,0,0,0,0,0,0,0,0,0,0,0,0,0,0,0,0,0,0,0,0,0,0,0,0,0,0,0,0,0,0,0,0,0,0,0,0,0,0,0,0,0,0,0,0,0,0,0,0,0,0,0,0,0,0,0,0,0,0,0,0,0,
49,0,0,0,0,0,0,0,0,0,0,0,0,0,0,0,0,0,0,0,0,0,0,0,0,0,0,0,0,0,0,0,0,0,0,0,0,0,0,0,0,0,0,0,0,0,0,0,0,0,0,0,0,0,0,0,0,0,0,0,0,0,0,0,0,0,0,0,0,0,0,0,0,0,0,0,0,0,0,0,0,0,0,0,0,0,0,0,0,0,0,0,0,0,0,0,0,0,0,0,0,0,0,0,0,0,0,0,0,0,0,0,0,0,0,0,
49,0,0,0,0,0,5,6,6,6,6,6,6,6,6,6,6,6,6,6,6,6,6,6,6,6,6,6,6,6,6,6,6,6,6,6,6,6,6,6,6,6,6,6,6,6,6,6,6,6,6,6,6,6,6,6,6,6,6,6,6,6,6,6,6,6,6,6,6,6,6,6,6,6,6,6,6,6,6,6,6,6,6,6,6,6,6,6,6,6,6,6,6,6,6,6,6,6,6,6,6,6,6,6,6,6,6,6,6,6,6,6,6,6,6,6,
49,0,0,0,0,0,51,38,62,38,62,62,40,62,40,60,62,38,38,60,40,40,40,60,60,38,62,40,40,62,38,60,60,40,38,40,62,60,62,60,62,62,40,62,40,40,62,62,60,62,40,40,38,40,60,60,60,62,62,62,62,38,38,38,38,38,60,40,60,40,40,60,62,62,62,60,38,38,62,62,60,40,62,60,62,60,60,62,38,38,62,38,40,38,60,38,38,60,38,62,40,38,60,62,60,62,62,60,62,60,38,62,38,62,62,62,
49,0,0,0,0,0,51,50,50,50,50,50,50,50,50,50,50,50,50,50,50,50,50,50,50,50,50,50,50,50,50,50,50,50,50,50,50,50,50,50,50,50,50,50,50,50,50,50,50,50,50,50,50,50,50,50,50,50,50,50,50,50,50,50,50,50,50,50,50,50,50,50,50,50,50,50,50,50,50,50,50,50,50,50,50,50,50,50,50,50,50,50,50,50,50,50,50,50,50,50,50,50,50,50,50,50,50,50,50,50,50,50,50,50,50,50,
49,0,0,0,0,0,51,50,50,50,50,50,50,50,50,50,50,50,50,50,50,50,50,50,50,50,50,50,50,50,50,50,50,50,50,50,50,50,50,50,50,50,50,50,50,50,50,50,50,50,50,50,50,50,50,50,50,50,50,50,50,50,50,50,50,50,50,50,50,50,50,50,50,50,50,50,50,50,50,50,50,50,50,50,50,50,50,50,50,50,50,50,50,50,50,50,50,50,50,50,50,50,50,50,50,50,50,50,50,50,50,50,50,50,50,50,
49,0,0,0,0,0,51,50,50,50,50,50,50,50,50,50,50,50,50,50,50,50,50,50,50,50,50,50,50,50,50,50,50,50,50,50,50,50,50,50,50,50,50,50,50,50,50,50,50,50,50,50,50,50,50,50,50,50,50,50,50,50,50,50,50,50,50,50,50,50,50,50,50,50,50,50,50,50,50,50,50,50,50,50,50,50,50,50,50,50,50,50,50,50,50,50,50,50,50,50,50,50,50,50,50,50,50,50,50,50,50,50,50,50,50,50,
49,0,0,0,0,0,51,50,50,50,50,50,50,50,50,50,50,50,50,50,50,50,50,50,50,50,50,50,50,50,50,50,50,50,50,50,50,50,50,50,50,50,50,50,50,50,50,50,50,50,50,50,50,50,50,50,50,50,50,50,50,50,50,50,50,50,50,50,50,50,50,50,50,50,50,50,50,50,50,50,50,50,50,50,50,50,50,50,50,50,50,50,50,50,50,50,50,50,50,50,50,50,50,50,50,50,50,50,50,50,50,50,50,50,50,50,
